1111111111111111111111111111111111111111111111111111111111111111111111111111111111111111111111111111
1111111111111111111111111111111111111111111111111111111111111111111111111111111111111111111111111111
1111111111111111111111111111111111111111111111111111111111111111111111111111111111111111111111111111
1111111111111111111111111111111111111111111111111111111111111111111111111111111111111111111111111111
1111111111111111111111111111111111111111111111111111111111111111111111111111111111111111111111111111
1111111111111111111111111111111111111111111111111111111111111111111111111111111111111111111111111111
1111111111111111111111111111111111111111111111111111111111111111111111111111111111111111111111111111
1111111111111111111111111111111111111111111111111111111111111111111111111111111111111111111111111111
1111111111111111111111111111111111111111111111111111111111111111111111111111111111111111111111111111
1111111111111111111111111111111111111111111111111111111111111111111111111111111111111111111111111111
1111111111111111111111111111111111000000000011111111111111111111111111111111111111111111111111111111
1111111111111111111111111111111000111111111000011111111111111000000000011111111111111111111111111111
1111111111111111111111111111110011111111111111000111111111000011111111001111111111111111111111111111
1111111111111111111111111111001111111111111111111000111000011111111111110011111111111111111111111111
1111111111111111111111111110011111111111111111111110000011111111111111111001111111111111111111111111
1111111111111111111111111101111111111111111111111111101111111111111111111101111111111111111111111111
1111111111111111111111111011111111111111111111111111100111111111111111111110111111111111111111111111
1111111111111111111111110111111111111111111111111111110111111111111111111110011111111111111111111111
1111111111111111111111101111111111111111111011111111110111111111111111111111011111111111111111111111
1111111111111111111111001111111111111000000110000011111011111111111111111111011111111111111111111111
1111111111111111111110011111111111100011111111111000111011111111111111111111101111111111111111111111
1111111111111111111110111111111100001111111111111110011011111110000000000000101111111111111111111111
1111111111111111111100111111110001111111111111111111100000000000000111111100000011111111111111111111
1111111111111111111101111111110111111111111111111111110011111111111111111111111000111111111111111111
1111111111111111111001111111111111111111111111111111111001111111111111111111111110011111111111111111
1111111111111111111011111111111111111111111111111100111110111111111111111111111111100111111111111111
1111111111111111111011111111111111111111111100000000000000001111111111000000011111110011111111111111
1111111111111111110111111111111111111111100001111111111111100111110000011111110000000011111111111111
1111111111111111110111111111111111111110001110000000000001111011000111111000000111111100111111111111
1111111111111111100111111111111111111000110000110000111100000000011000000111111000001111011111111111
1111111111111110000111111111111111100011000000000000000000110000000011110000000000100001011111111111
1111111111111001101111111111111100001100000000000000111110000110111111000000000010000100001111111111
1111111111110011101111111111111100110000001000000000111111110001111100100000000001110001101111111111
1111111111110111101111111111111111000000111000000000011111111100110011100110000001111110010111111111
1111111111101111101111111111000000010011110011000011001111111110001111000110001100111111000111111111
1111111111001111101111111111011111100111110011000111001111111110011111000000011100111111100111111111
1111111111011111001111111111100000011111110000000011001111111110111111000000001000111111110111111111
1111111110111111111111111111111111001111110000000000001111111100111111000100000000111111100111111111
1111111100111111111111111111111111100011110000100000001111111101111111100000000001111111000111111111
1111111101111111111111111111111111111000111000000000011111110000111111110000000001111100000111111111
1111111111111111111111111111111111111110001000000000111110000100000011110000000011000001001111111111
1111111111111111111111111111111111100111110000000000000000111101111000000000000000111100011111111111
1111111111111111111111111111111111110000111111000000011111111001111111111111111111111001111111111111
1111111111111111111111111111111111111110000000011111111110000011111111111111111111110011111111111111
1111111111111111111111111111111111111111111100000000000000011111111111111111111111100111111111111111
1111111111111111111111111111111111111111111111111111111101111111111111111111111111001111111111111111
1111111111111111111111111111111111111111111111111111111001111111111111111111111100111111111111111111
1111111111111111111111111111111111111111111111111111100111111111100111111111100011111111111111111111
1111111111111111111111111111111111111111111111111110011111111111110000011000001001111111111111111111
1111111111111111111111111111111111111111111111100001111111111111111110000111111100111111111111111111
1111111111111111111111111111111111111111111111001111111111111111111111101111111110011111111111111111
1111111111111111111111111111111111111111111111111111111111111111111111110111111111001111111111111111
1111111111111111111111111111111111111111111111111111111111111111111111110111111111101111111111111111
1111111111111111111111111111111111111111111111111111111111111111111111111111111111110111111111111111
1111111111111111111111111111110000001111111111111111111111111111111111111111111111110111111111111111
1111111111111111111111111111100111100111111111111111111111111111111111111111111111110011111111111111
1111111111111111111111111111011111111001111111111111111111111111111111111111111111111011111111111111
1111111111111111111111111111011111111100011111111111111111111111111111111111111111111011111111111111
1111111111111111111111111111011111111111000111111111111111111111111111111111111111111011111111111111
1111111111111111111111111111011110111111110001111111111111111111111111111111111111110001111111111111
1111111111111111111111111111001111001111111100001111111111111111111111111111111100000100111111111111
1111111111111111111111111111101111100011111111110000011111111111111111111111000001111110111111111111
1111111111111111111111111111100111111001111111111111000000011111111111100000011111111100111111111111
1111111111111111111111111111110011111110001111111111111111100000000000011111111111111101111111111111
1111111111111111111111111111111001111111100001111111111111111111111111111111111111111011111111111111
1111111111111111111111111111111110011111111100000001111111111111111111111111111111100111111111111111
1111111111111111111111111111111111000111111111110000000000001111111111111000000000001111111111111111
1111111111111111111111111111111111111000011111111111111111111000000000000111111111100111111111111111
1111111111111111111111111111111111111111000001111111111111111111111111111111111111100111111111111111
1111111111111111111111111111111111111111111100000001111111111111111111111111111111101111111111111111
1111111101111111111111111111111111111111111111111000000001111111111111111111111110011111111111111111
1111111100111111111111111111111111111111111111111111111110000000000000011111100000111111111111111111
1111111110011111111111111111111111111111111111111111111111111111100000000000000011111111111111111111
1111111111001111111111111111111111111111111111111111111111111111111111111110011111111111111111111111
1111111111100011111111111111111111111111111111111111111111111111111111111001111111111111111111111111
1111111101111000111111111111111111111111111111111111111111111111111111110011111111111111111111111111
1111111100011110000111111111111111111111111111111111111111111111111111000111111111111111111111111111
1111111111000111110000011111111111111111111111111111111111111111111100011111111111111111111111111111
1111111111110001111111000000111111111111111111111111111111111111110001111111111111111111111111111111
1111111111111100001111111110000000011111111111111111111111111100001111111111111111111111111111111111
1111111111111111100011111111111110000000000000111110000000000000111111111111111111111111111111111111
1111111111111111111100001111111111111111111111100011111111111110011111111111111111111111111111111111
1111111111111111111111100000001111111111111111111111111111111111001111111111111111111111111111111111
1111111111111111111111111111100000000000000000000000000000000000110011111111111111111111111111111111
1111111111111111111111111111111111111111111111111111111111111111111001111111111111111111111111111111
1111111111111111111111111111111111111111111111111111111111111111111110011111111111111111111111111111
1111111111111111111111111111111111111111111111111111111111111111111111011111111111111111111111111111
1111111111111111111111111111111111111111111111111111111111111111111111101111111111111111111111111111
1111111111111111111111111111111111111111111111111111111111111111111111100111111111111111111111111111
1111111111111111111111111111111111111111111111111111111111111111111111110111111111111111111111111111
1111111111111111111111111111111111111111111111111111111111111111111111111111111111111111111111111111
1111111111111111111111111111111111111111111111111111111111111111111111111111111111111111111111111111
1111111111111111111111111111111111111111111111111111111111111111111111111111111111111111111111111111
1111111111111111111111111111111111111111111111111111111111111111111111111111111111111111111111111111
1111111111111111111111111111111111111111111111111111111111111111111111111111111111111111111111111111
1111111111111111111111111111111111111111111111111111111111111111111111111111111111111111111111111111
1111111111111111111111111111111111111111111111111111111111111111111111111111111111111111111111111111
1111111111111111111111111111111111111111111111111111111111111111111111111111111111111111111111111111
1111111111111111111111111111111111111111111111111111111111111111111111111111111111111111111111111111
1111111111111111111111111111111111111111111111111111111111111111111111111111111111111111111111111111