1111111111111111111111111111111111111111111111111111111111111111111111111111111111111111111111111111
1111111111111111111111111111111111111111111111111111111111111111111111111111111111111111111111111111
1111111111111111111111111111111111111111111111111111111111111111111111111111111111111111111111111111
1111111111111111111111111111111111111111111111111111111111111111111111111111111111111111111111111111
1111111111111111111111111111111111111111111111111111111111111111111111111111111111111111111111111111
1111111111111111111111111111111111111111111111111111111111111111111111111111111111111111111111111111
1111111111111111111111111111111111111111111111111111111111111111111111111111111111111111111111111111
1111111111111111111111111111111111111111111111111111111111111111111111111111111111111111111111111111
1111111111111111111111111111111111111111111111111111111111111111111111111111111111111111111111111111
1111111111111111111111111111111111111111111111111111111111111111111111111111111111111111111111111111
1111111111111111111111111111111111111111111111111111111111111111111111111111111111111111111111111111
1111111111111111111111111110000000000000000000000000001111111111111111111111111111111111111111111111
1111111111111111111111100000000000000000000000000000000000000000000011111111111111111111111111111111
1111111111111111111111000000011111111111111111111110000000000000000000000111111111111111111111111111
1111111111111111111100001111111111111111000011111000000111111111111100000000001111111111111111111111
1111111111111111111100011111111111111000111111111111111110000000000000000000000011111111111111111111
1111111111111111110000111111111111001111111111111111111111111111111111111111100000111111111111111111
1111111111111111110001111111111100111111100000000000001111111111111111111101110000011111111111111111
1111111111111111100011111111110011110011111111111111111111000000000111111111011110000111111111111111
1111111111111111000111111111101111001111111111111111111111111111111111111111111111000011111111111111
1111111111111111001111111110111101111000111111111111111111111111111111111111111111110001111111111111
1111111111111110001111111101110011100111111111111011111111111110000000110011111111111000111111111111
1111111111111110011111110111101100111111111111111111111111111111111111111110111111111100111111111111
1111111111111100011111101111011001111111111111111101111111111111111111111111011111111100111111111111
1111111111111100111111111110110111111111111111111101111111111110111111111111101111111100111111111111
1111111111111000111111111101101111111111111111111111111111111110111111111111111111111100111111111111
1111111111110001111111111111111111100000000000111111111111111110111111111111111111111100011111111111
1111111111110001111111111111111110000000000000001111111111111110111111111111111111111110011111111111
1111111111100011111111111111111000000000001110000011111111111111111100000001111111111110001111111111
1111111111000111111111111111110000000000001111100001111111111111110000000000011111111111000111111111
1111111110000000111111111000100010000000001111110000111111111111000000000000001111111111100011111111
1111111100010000001111110011100000000000000000111100111111111100000000000000001000000001110001111111
1111111000001111111111111110110000111111110000001000111111100000000000000011111111111111011000111111
1111110001011111000000011111111111111100111100000000111111110000000011111111111111111111001100111111
1111100010111100000000000011111111110000111111100011111111111100111111111111111111111100110100011111
1111000101111000011111000000111111100001111111110111111111111100111111111111111111111111011010011111
1111001101110001111111110000000000000011111111111111111111111100111111111111110000000001011110011111
1111001101110011111101111100000000001111111111111111111111111100111111110011100000000001101110011111
1111001111100011111000111111111111111111111111111111111111111100011111110000000011111101101110011111
1111011111100111111000011111111111111111111111111111111111111100001111111000000111111111101110011111
1111011111100111110000000011111111111111111101100001111111111111000011111111111110111111101110011111
1111011111100111000001000001111111111111111101000001111111111111100001111111111110011111101110011111
1111001101100100000001110000001111111000000110001111111111111111110000111111111100011111011000011111
1111001101100111110001111100000011111111111110011111111111111111110000011111111100001110111000111111
1111001101110011111000111111000000011111111110001100000011111111100000100111111100001111100100111111
1111001101110011111000111111100000000011111111001100000011111111000010111001111100001111001000111111
1111000110111011111000001111110011000000001111001111111111111110001111111111110000000111110001111111
1111100011011111111100000111110011110000000011111111111111100000001111111111100000000111110001111111
1111110001110011111110000000110011111111000000001111111111110000111111111110000000000111110011111111
1111110000111111111110000000000001111111111000000000111111111111111111110000000000000111110011111111
1111111100001111111111000100000000111111111000100000000000000011110000000000110010000111100011111111
1111111100011111111111000111000000001111111001111110000000000000000000000011110010000111100111111111
1111111111001111111111100011110000000000110001111111110001111000000011110011110011000111100111111111
1111111111000111111111110001110000000000000001111111111001111110011111110011110010000111100111111111
1111111111100011111111111000110011100000000000111111111001111110011111110001100000000111100111111111
1111111111110011111111111100110011111000000000000111111001111110001111110000000000000111100111111111
1111111111110001111111111100000011111111000000000000000000000000000000000000000000000111100111111111
1111111111111001111111111110000111111111100000000000000000000000000000000000000000000111100111111111
1111111111111000111111111111000011111111100111000000000000000000000000000000000000000111100111111111
1111111111111100111111111111100001111111100111111000000000000000000000000000000000000111100111111111
1111111111111100011111111111111000011111100111111111000000000000000000000000000000001111100111111111
1111111111111110001111111111111100001111000111111111100110000000000000000000000001001111100111111111
1111111111111111000111111111111111000011001111111111100111111100011110001100010010001111100111111111
1111111111111111100011111111111111100000001111111111100111111100111110001100110010011111100111111111
1111111111111111110001111111101111111000001111111111100111111100111110011100111000111111100111111111
1111111111111111111000111011110011111100000011111111100111111100111100011000110000111111100111111111
1111111111111111111100001110111100111111100000000011000111111100111100110000000011111111100111111111
1111111111111111111110000111001111001111111100000000000001111000110000000000000111111111100111111111
1111111111111111111111100001111011111001111111111000000000000000000000000011111111111111100111111111
1111111111111111111111110000111100111100111111111111111111111111111111111111111111111111100111111111
1111111111111111111111111100000111100111110011111111111111111111111111111111111101111111100111111111
1111111111111111111111111110000011111001111100111111111111000000001111111111111011111011100011111111
1111111111111111111111111111110000011111001111100111111111111111111111111111101111111011110011111111
1111111111111111111111111111111000000111110001111100001111111111111111111110011111110111110011111111
1111111111111111111111111111111111000001111111100001111111111111000000001111111111001111110011111111
1111111111111111111111111111111111110000011111111110001111111111111111111111111110011111110011111111
1111111111111111111111111111111111111100000011111111111111000000111111111111111001111111100011111111
1111111111111111111111111111111111111111000001111111111111111111111101000000001111111111100011111111
1111111111111111111111111111111111111111110000001111111111111111111111111111111111111111000111111111
1111111111111111111111111111111111111111111100000011111111111111111111111111111111111111001111111111
1111111111111111111111111111111111111111111111100000000111111111111111111111111111111100001111111111
1111111111111111111111111111111111111111111111110000000000111111111111111111111111111100011111111111
1111111111111111111111111111111111111111111111111111100000000011111111111111111111100000111111111111
1111111111111111111111111111111111111111111111111111111110000000001111111111111110000011111111111111
1111111111111111111111111111111111111111111111111111111111111100000000000000000000001111111111111111
1111111111111111111111111111111111111111111111111111111111111111110000000000000000111111111111111111
1111111111111111111111111111111111111111111111111111111111111111111111111111111111111111111111111111
1111111111111111111111111111111111111111111111111111111111111111111111111111111111111111111111111111
1111111111111111111111111111111111111111111111111111111111111111111111111111111111111111111111111111
1111111111111111111111111111111111111111111111111111111111111111111111111111111111111111111111111111
1111111111111111111111111111111111111111111111111111111111111111111111111111111111111111111111111111
1111111111111111111111111111111111111111111111111111111111111111111111111111111111111111111111111111
1111111111111111111111111111111111111111111111111111111111111111111111111111111111111111111111111111
1111111111111111111111111111111111111111111111111111111111111111111111111111111111111111111111111111
1111111111111111111111111111111111111111111111111111111111111111111111111111111111111111111111111111
1111111111111111111111111111111111111111111111111111111111111111111111111111111111111111111111111111
1111111111111111111111111111111111111111111111111111111111111111111111111111111111111111111111111111
1111111111111111111111111111111111111111111111111111111111111111111111111111111111111111111111111111
1111111111111111111111111111111111111111111111111111111111111111111111111111111111111111111111111111
1111111111111111111111111111111111111111111111111111111111111111111111111111111111111111111111111111